 349, 747;
 348, 746;
 338, 746;
 337, 745;
 329, 745;
 328, 744;
 320, 744;
 319, 743;
 313, 743;
 312, 742;
 308, 742;
 307, 741;
 303, 741;
 302, 740;
 298, 740;
 297, 739;
 294, 739;
 293, 738;
 290, 738;
 289, 737;
 286, 737;
 285, 736;
 282, 736;
 281, 735;
 279, 735;
 278, 734;
 276, 734;
 275, 733;
 272, 733;
 271, 732;
 269, 732;
 268, 731;
 266, 731;
 265, 730;
 263, 730;
 262, 729;
 260, 729;
 259, 728;
 257, 728;
 256, 727;
 254, 727;
 253, 726;
 252, 726;
 251, 725;
 249, 725;
 248, 724;
 246, 724;
 245, 723;
 244, 723;
 243, 722;
 241, 722;
 240, 721;
 239, 721;
 238, 720;
 236, 720;
 235, 719;
 234, 719;
 233, 718;
 232, 718;
 231, 717;
 229, 717;
 228, 716;
 227, 716;
 226, 715;
 225, 715;
 224, 714;
 223, 714;
 222, 713;
 220, 713;
 219, 712;
 218, 712;
 217, 711;
 216, 711;
 215, 710;
 214, 710;
 213, 709;
 211, 709;
 210, 708;
 209, 708;
 207, 706;
 206, 706;
 205, 705;
 204, 705;
 203, 704;
 202, 704;
 201, 703;
 200, 703;
 199, 702;
 198, 702;
 197, 701;
 196, 701;
 195, 700;
 194, 700;
 193, 699;
 191, 699;
 190, 698;
 189, 698;
 187, 696;
 186, 696;
 185, 695;
 184, 695;
 183, 694;
 182, 694;
 181, 693;
 180, 693;
 179, 692;
 178, 692;
 177, 691;
 176, 691;
 175, 690;
 174, 690;
 172, 688;
 171, 688;
 170, 687;
 169, 687;
 168, 686;
 167, 686;
 166, 685;
 165, 685;
 164, 684;
 163, 684;
 162, 683;
 161, 683;
 160, 682;
 159, 682;
 157, 680;
 156, 680;
 155, 679;
 154, 679;
 153, 678;
 152, 678;
 151, 677;
 150, 677;
 149, 676;
 148, 676;
 147, 675;
 146, 675;
 145, 674;
 144, 674;
 142, 672;
 141, 672;
 140, 671;
 139, 671;
 138, 670;
 137, 670;
 136, 669;
 135, 669;
 134, 668;
 133, 668;
 131, 666;
 130, 666;
 129, 665;
 128, 665;
 127, 664;
 126, 664;
 124, 662;
 123, 662;
 122, 661;
 121, 661;
 119, 659;
 118, 659;
 117, 658;
 116, 658;
 115, 657;
 114, 657;
 113, 656;
 112, 656;
 110, 654;
 109, 654;
 108, 653;
 107, 653;
 106, 652;
 105, 652;
 103, 650;
 102, 650;
 101, 649;
 100, 649;
 98, 647;
 97, 647;
 96, 646;
 95, 646;
 94, 645;
 93, 645;
 92, 644;
 91, 644;
 89, 642;
 88, 642;
 87, 641;
 86, 641;
 85, 640;
 84, 640;
 83, 639;
 82, 639;
 80, 637;
 79, 637;
 78, 636;
 77, 636;
 75, 634;
 74, 634;
 72, 632;
 71, 632;
 70, 631;
 69, 631;
 68, 630;
 67, 630;
 66, 629;
 65, 629;
 64, 628;
 63, 628;
 61, 626;
 60, 626;
 59, 625;
 58, 625;
 57, 624;
 56, 624;
 55, 623;
 54, 623;
 53, 622;
 52, 622;
 51, 621;
 49, 621;
 48, 620;
 47, 620;
 45, 618;
 44, 618;
 43, 617;
 42, 617;
 41, 616;
 40, 616;
 39, 615;
 38, 615;
 37, 614;
 36, 614;
 35, 613;
 34, 613;
 33, 612;
 32, 612;
 31, 611;
 30, 611;
 29, 610;
 28, 610;
 27, 609;
 26, 609;
 25, 608;
 24, 608;
 23, 607;
 21, 607;
 20, 606;
 19, 606;
 18, 605;
 17, 605;
 16, 604;
 15, 604;
 14, 603;
 13, 603;
 12, 602;
 11, 602;
 10, 601;
 9, 601;
 8, 600;
 6, 600;
 5, 599;
 4, 599;
 3, 598;
 0, 598;
 3, 598;
 4, 599;
 5, 599;
 6, 600;
 8, 600;
 9, 601;
 10, 601;
 11, 602;
 12, 602;
 13, 603;
 14, 603;
 15, 604;
 16, 604;
 17, 605;
 19, 605;
 21, 607;
 23, 607;
 24, 608;
 25, 608;
 26, 609;
 27, 609;
 28, 610;
 29, 610;
 30, 611;
 31, 611;
 32, 612;
 33, 612;
 34, 613;
 35, 613;
 36, 614;
 37, 614;
 38, 615;
 39, 615;
 40, 616;
 41, 616;
 42, 617;
 43, 617;
 44, 618;
 45, 618;
 46, 619;
 47, 619;
 49, 621;
 51, 621;
 52, 622;
 53, 622;
 54, 623;
 55, 623;
 56, 624;
 57, 624;
 58, 625;
 59, 625;
 60, 626;
 61, 626;
 62, 627;
 63, 627;
 65, 629;
 66, 629;
 67, 630;
 68, 630;
 69, 631;
 70, 631;
 71, 632;
 72, 632;
 73, 633;
 74, 633;
 76, 635;
 77, 635;
 79, 637;
 80, 637;
 81, 638;
 82, 638;
 84, 640;
 85, 640;
 86, 641;
 87, 641;
 88, 642;
 89, 642;
 90, 643;
 91, 643;
 93, 645;
 94, 645;
 95, 646;
 96, 646;
 97, 647;
 98, 647;
 99, 648;
 100, 648;
 102, 650;
 103, 650;
 104, 651;
 105, 651;
 107, 653;
 108, 653;
 109, 654;
 110, 654;
 111, 655;
 112, 655;
 114, 657;
 115, 657;
 116, 658;
 117, 658;
 118, 659;
 119, 659;
 120, 660;
 121, 660;
 123, 662;
 124, 662;
 125, 663;
 126, 663;
 128, 665;
 129, 665;
 130, 666;
 131, 666;
 132, 667;
 133, 667;
 135, 669;
 136, 669;
 137, 670;
 138, 670;
 139, 671;
 140, 671;
 141, 672;
 142, 672;
 143, 673;
 144, 673;
 146, 675;
 147, 675;
 148, 676;
 149, 676;
 150, 677;
 151, 677;
 152, 678;
 153, 678;
 154, 679;
 155, 679;
 156, 680;
 157, 680;
 158, 681;
 159, 681;
 161, 683;
 162, 683;
 163, 684;
 164, 684;
 165, 685;
 166, 685;
 167, 686;
 168, 686;
 169, 687;
 170, 687;
 171, 688;
 172, 688;
 173, 689;
 174, 689;
 176, 691;
 178, 691;
 180, 693;
 181, 693;
 182, 694;
 183, 694;
 184, 695;
 185, 695;
 186, 696;
 187, 696;
 188, 697;
 189, 697;
 191, 699;
 193, 699;
 194, 700;
 195, 700;
 196, 701;
 197, 701;
 198, 702;
 199, 702;
 200, 703;
 201, 703;
 202, 704;
 203, 704;
 204, 705;
 205, 705;
 206, 706;
 207, 706;
 208, 707;
 209, 707;
 211, 709;
 213, 709;
 214, 710;
 215, 710;
 216, 711;
 217, 711;
 218, 712;
 219, 712;
 220, 713;
 222, 713;
 223, 714;
 224, 714;
 225, 715;
 226, 715;
 227, 716;
 228, 716;
 229, 717;
 231, 717;
 232, 718;
 233, 718;
 234, 719;
 235, 719;
 236, 720;
 238, 720;
 239, 721;
 240, 721;
 241, 722;
 243, 722;
 244, 723;
 245, 723;
 246, 724;
 248, 724;
 249, 725;
 251, 725;
 252, 726;
 253, 726;
 254, 727;
 256, 727;
 257, 728;
 259, 728;
 260, 729;
 262, 729;
 263, 730;
 265, 730;
 266, 731;
 268, 731;
 269, 732;
 271, 732;
 272, 733;
 275, 733;
 276, 734;
 278, 734;
 279, 735;
 281, 735;
 282, 736;
 285, 736;
 286, 737;
 289, 737;
 290, 738;
 293, 738;
 294, 739;
 297, 739;
 298, 740;
 302, 740;
 303, 741;
 307, 741;
 308, 742;
 312, 742;
 313, 743;
 319, 743;
 320, 744;
 328, 744;
 329, 745;
 337, 745;
 338, 746;
 348, 746;
 349, 747;
 383, 747;
 384, 746;
 394, 746;
 395, 745;
 401, 745;
 402, 744;
 406, 744;
 407, 743;
 412, 743;
 413, 742;
 417, 742;
 418, 741;
 421, 741;
 422, 740;
 425, 740;
 426, 739;
 428, 739;
 429, 738;
 433, 738;
 434, 737;
 438, 737;
 439, 736;
 442, 736;
 443, 735;
 445, 735;
 446, 734;
 448, 734;
 449, 733;
 451, 733;
 452, 732;
 454, 732;
 455, 731;
 457, 731;
 458, 730;
 460, 730;
 461, 729;
 463, 729;
 464, 728;
 466, 728;
 467, 727;
 468, 727;
 469, 726;
 470, 726;
 471, 725;
 473, 725;
 474, 724;
 475, 724;
 476, 723;
 477, 723;
 478, 722;
 480, 722;
 481, 721;
 482, 721;
 483, 720;
 484, 720;
 485, 719;
 486, 719;
 487, 718;
 488, 718;
 489, 717;
 490, 717;
 491, 716;
 492, 716;
 493, 715;
 495, 715;
 497, 713;
 498, 713;
 499, 712;
 500, 712;
 501, 711;
 503, 711;
 505, 709;
 506, 709;
 507, 708;
 508, 708;
 509, 707;
 510, 707;
 511, 706;
 512, 706;
 513, 705;
 514, 705;
 515, 704;
 516, 704;
 517, 703;
 518, 703;
 520, 701;
 521, 701;
 522, 700;
 523, 700;
 524, 699;
 525, 699;
 527, 697;
 528, 697;
 530, 695;
 531, 695;
 532, 694;
 533, 694;
 535, 692;
 536, 692;
 537, 691;
 538, 691;
 540, 689;
 541, 689;
 543, 687;
 544, 687;
 545, 686;
 546, 686;
 548, 684;
 549, 684;
 550, 683;
 551, 683;
 553, 681;
 554, 681;
 555, 680;
 556, 680;
 558, 678;
 559, 678;
 560, 677;
 561, 677;
 563, 675;
 564, 675;
 566, 673;
 567, 673;
 568, 672;
 569, 672;
 571, 670;
 572, 670;
 573, 669;
 574, 669;
 575, 668;
 576, 668;
 579, 665;
 580, 665;
 581, 664;
 582, 664;
 584, 662;
 585, 662;
 587, 660;
 588, 660;
 590, 658;
 591, 658;
 592, 657;
 593, 657;
 595, 655;
 596, 655;
 598, 653;
 599, 653;
 600, 652;
 601, 652;
 603, 650;
 604, 650;
 605, 649;
 606, 649;
 608, 647;
 609, 647;
 611, 645;
 612, 645;
 613, 644;
 614, 644;
 616, 642;
 617, 642;
 619, 640;
 620, 640;
 622, 638;
 623, 638;
 624, 637;
 625, 637;
 627, 635;
 628, 635;
 629, 634;
 630, 634;
 632, 632;
 633, 632;
 634, 631;
 635, 631;
 637, 629;
 638, 629;
 639, 628;
 640, 628;
 642, 626;
 643, 626;
 644, 625;
 645, 625;
 647, 623;
 648, 623;
 650, 621;
 651, 621;
 652, 620;
 653, 620;
 654, 619;
 655, 619;
 657, 617;
 659, 617;
 661, 615;
 661, 612;
 660, 611;
 660, 608;
 660, 611;
 661, 612;
 661, 616;
 660, 616;
 659, 617;
 658, 617;
 657, 618;
 656, 618;
 655, 619;
 654, 619;
 653, 620;
 652, 620;
 650, 622;
 649, 622;
 647, 624;
 646, 624;
 645, 625;
 644, 625;
 642, 627;
 641, 627;
 640, 628;
 639, 628;
 637, 630;
 636, 630;
 635, 631;
 634, 631;
 632, 633;
 631, 633;
 630, 634;
 629, 634;
 627, 636;
 626, 636;
 625, 637;
 624, 637;
 622, 639;
 621, 639;
 619, 641;
 618, 641;
 616, 643;
 615, 643;
 614, 644;
 613, 644;
 611, 646;
 610, 646;
 608, 648;
 607, 648;
 606, 649;
 605, 649;
 603, 651;
 602, 651;
 601, 652;
 600, 652;
 598, 654;
 597, 654;
 595, 656;
 594, 656;
 593, 657;
 592, 657;
 590, 659;
 589, 659;
 587, 661;
 586, 661;
 584, 663;
 583, 663;
 582, 664;
 581, 664;
 578, 667;
 577, 667;
 576, 668;
 575, 668;
 574, 669;
 573, 669;
 571, 671;
 570, 671;
 569, 672;
 568, 672;
 566, 674;
 565, 674;
 563, 676;
 562, 676;
 561, 677;
 560, 677;
 558, 679;
 557, 679;
 556, 680;
 555, 680;
 553, 682;
 552, 682;
 551, 683;
 550, 683;
 548, 685;
 547, 685;
 546, 686;
 545, 686;
 543, 688;
 542, 688;
 540, 690;
 539, 690;
 538, 691;
 537, 691;
 535, 693;
 534, 693;
 533, 694;
 532, 694;
 530, 696;
 529, 696;
 527, 698;
 526, 698;
 525, 699;
 524, 699;
 523, 700;
 522, 700;
 520, 702;
 519, 702;
 518, 703;
 517, 703;
 516, 704;
 515, 704;
 514, 705;
 513, 705;
 512, 706;
 511, 706;
 510, 707;
 509, 707;
 508, 708;
 507, 708;
 505, 710;
 504, 710;
 503, 711;
 501, 711;
 500, 712;
 499, 712;
 497, 714;
 496, 714;
 495, 715;
 493, 715;
 492, 716;
 491, 716;
 490, 717;
 489, 717;
 488, 718;
 487, 718;
 486, 719;
 485, 719;
 484, 720;
 483, 720;
 482, 721;
 481, 721;
 480, 722;
 478, 722;
 477, 723;
 476, 723;
 475, 724;
 474, 724;
 473, 725;
 471, 725;
 470, 726;
 469, 726;
 468, 727;
 467, 727;
 466, 728;
 464, 728;
 463, 729;
 461, 729;
 460, 730;
 458, 730;
 457, 731;
 455, 731;
 454, 732;
 452, 732;
 451, 733;
 449, 733;
 448, 734;
 446, 734;
 445, 735;
 443, 735;
 442, 736;
 439, 736;
 438, 737;
 434, 737;
 433, 738;
 429, 738;
 428, 739;
 426, 739;
 425, 740;
 422, 740;
 421, 741;
 418, 741;
 417, 742;
 413, 742;
 412, 743;
 407, 743;
 406, 744;
 402, 744;
 401, 745;
 395, 745;
 394, 746;
 384, 746;
 383, 747